m   : 0.034
Ixx : 16.571710e-6
Iyy : 16.655602e-6
Izz : 29.261652e-6
d: 4e-3
cft: 0.005964552 